  0.51842050149743801       0.49599822679018779       0.61550520148934940       0.43200421765841335       0.49536113181701757       0.61549544669402234       0.47357528084414868       0.60864064139279461       0.61540935181662826        0.0000000000000000        0.0000000000000000        0.0000000000000000        0.0000000000000000        0.0000000000000000        0.0000000000000000        0.0000000000000000        0.0000000000000000        0.0000000000000000     
   7.9086961190864953       0.85157973207964199        1.4091852724526359E-002  -7.8261025617516262       0.81614622661865066        1.1473255956314220E-002  -8.2593557334868020E-002  -1.6677259586982927       -2.5565108680840574E-002   0.0000000000000000        0.0000000000000000        0.0000000000000000        0.0000000000000000        0.0000000000000000        0.0000000000000000        0.0000000000000000        0.0000000000000000        0.0000000000000000     
           2
           2
           0
  -71.325215663000705     
   0.0000000000000000        0.0000000000000000        0.0000000000000000        0.0000000000000000        0.0000000000000000        0.0000000000000000        0.0000000000000000        0.0000000000000000        0.0000000000000000        0.0000000000000000        0.0000000000000000        0.0000000000000000        0.0000000000000000        0.0000000000000000        0.0000000000000000        0.0000000000000000        0.0000000000000000        0.0000000000000000     
   0.0000000000000000        0.0000000000000000        0.0000000000000000        0.0000000000000000        0.0000000000000000        0.0000000000000000        0.0000000000000000        0.0000000000000000        0.0000000000000000        0.0000000000000000        0.0000000000000000        0.0000000000000000        0.0000000000000000        0.0000000000000000        0.0000000000000000        0.0000000000000000        0.0000000000000000        0.0000000000000000     
   8.7949558495476268E-004   5.6506437456457523E-005  -1.2009630393242936E-006   3.6747746934577145E-004   7.1079732814370195E-005  -9.1011672826200094E-007  -2.4018519046313227E-006  -1.2758617027082772E-004   2.1110797675868659E-006   0.0000000000000000        0.0000000000000000        0.0000000000000000        0.0000000000000000        0.0000000000000000        0.0000000000000000        0.0000000000000000        0.0000000000000000        0.0000000000000000        5.6506437456457523E-005   1.3815807497453900E-003  -6.5147993548007676E-007  -4.7424758099027048E-005   1.5443457721339018E-004  -4.3794172879377923E-007  -9.0816793574332033E-006  -2.9144412456287756E-004   1.0894216642683724E-006   0.0000000000000000        0.0000000000000000        0.0000000000000000        0.0000000000000000        0.0000000000000000        0.0000000000000000        0.0000000000000000        0.0000000000000000        0.0000000000000000       -1.2009630393242936E-006  -6.5147993548007676E-007   1.2445720623312495E-003   1.1545542965553363E-006  -7.1660462755830419E-007   3.3131229236856430E-010   4.6408742768972640E-008   1.3680845630383815E-006  -1.1912476391553922E-009   0.0000000000000000        0.0000000000000000        0.0000000000000000        0.0000000000000000        0.0000000000000000        0.0000000000000000        0.0000000000000000        0.0000000000000000        0.0000000000000000        3.6747746934577145E-004  -4.7424758099027048E-005   1.1545542965553363E-006   8.7528921164538374E-004  -6.0817479280384291E-005   8.7856391589950305E-007   1.8045214047471000E-006   1.0824223737941121E-004  -2.0331182124557644E-006   0.0000000000000000        0.0000000000000000        0.0000000000000000        0.0000000000000000        0.0000000000000000        0.0000000000000000        0.0000000000000000        0.0000000000000000        0.0000000000000000        7.1079732814370195E-005   1.5443457721339018E-004  -7.1660462755830419E-007  -6.0817479280384291E-005   1.4185064535298087E-003  -4.7976508315018637E-007  -1.0262253533989002E-005  -3.2836982834729648E-004   1.1963697107022561E-006   0.0000000000000000        0.0000000000000000        0.0000000000000000        0.0000000000000000        0.0000000000000000        0.0000000000000000        0.0000000000000000        0.0000000000000000        0.0000000000000000       -9.1011672826200094E-007  -4.3794172879377923E-007   3.3131229236856430E-010   8.7856391589950305E-007  -4.7976508315018637E-007   1.2445712320260402E-003   3.1552812362508798E-008   9.1770681194396608E-007  -3.6094242998287159E-010   0.0000000000000000        0.0000000000000000        0.0000000000000000        0.0000000000000000        0.0000000000000000        0.0000000000000000        0.0000000000000000        0.0000000000000000        0.0000000000000000       -2.4018519046313227E-006  -9.0816793574332033E-006   4.6408742768972640E-008   1.8045214047471000E-006  -1.0262253533989002E-005   3.1552812362508798E-008   1.2451685328957870E-003   1.9343932891422204E-005  -7.7961555131127788E-008   0.0000000000000000        0.0000000000000000        0.0000000000000000        0.0000000000000000        0.0000000000000000        0.0000000000000000        0.0000000000000000        0.0000000000000000        0.0000000000000000       -1.2758617027082772E-004  -2.9144412456287756E-004   1.3680845630383815E-006   1.0824223737941121E-004  -3.2836982834729648E-004   9.1770681194396608E-007   1.9343932891422204E-005   1.8643851553060765E-003  -2.2857913749706282E-006   0.0000000000000000        0.0000000000000000        0.0000000000000000        0.0000000000000000        0.0000000000000000        0.0000000000000000        0.0000000000000000        0.0000000000000000        0.0000000000000000        2.1110797675868659E-006   1.0894216642683724E-006  -1.1912476391553922E-009  -2.0331182124557644E-006   1.1963697107022561E-006  -3.6094242998287159E-010  -7.7961555131127788E-008  -2.2857913749706282E-006   1.2445727545859718E-003   0.0000000000000000        0.0000000000000000        0.0000000000000000        0.0000000000000000        0.0000000000000000        0.0000000000000000        0.0000000000000000        0.0000000000000000        0.0000000000000000        0.0000000000000000        0.0000000000000000        0.0000000000000000        0.0000000000000000        0.0000000000000000        0.0000000000000000        0.0000000000000000        0.0000000000000000        0.0000000000000000       0.88196203788505434        0.0000000000000000        0.0000000000000000        0.0000000000000000        0.0000000000000000        0.0000000000000000        0.0000000000000000        0.0000000000000000        0.0000000000000000        0.0000000000000000        0.0000000000000000        0.0000000000000000        0.0000000000000000        0.0000000000000000        0.0000000000000000        0.0000000000000000        0.0000000000000000        0.0000000000000000        0.0000000000000000       0.88196203788505434        0.0000000000000000        0.0000000000000000        0.0000000000000000        0.0000000000000000        0.0000000000000000        0.0000000000000000        0.0000000000000000        0.0000000000000000        0.0000000000000000        0.0000000000000000        0.0000000000000000        0.0000000000000000        0.0000000000000000        0.0000000000000000        0.0000000000000000        0.0000000000000000        0.0000000000000000        0.0000000000000000       0.88196203788505434        0.0000000000000000        0.0000000000000000        0.0000000000000000        0.0000000000000000        0.0000000000000000        0.0000000000000000        0.0000000000000000        0.0000000000000000        0.0000000000000000        0.0000000000000000        0.0000000000000000        0.0000000000000000        0.0000000000000000        0.0000000000000000        0.0000000000000000        0.0000000000000000        0.0000000000000000        0.0000000000000000       0.88196203788505434        0.0000000000000000        0.0000000000000000        0.0000000000000000        0.0000000000000000        0.0000000000000000        0.0000000000000000        0.0000000000000000        0.0000000000000000        0.0000000000000000        0.0000000000000000        0.0000000000000000        0.0000000000000000        0.0000000000000000        0.0000000000000000        0.0000000000000000        0.0000000000000000        0.0000000000000000        0.0000000000000000       0.88196203788505434        0.0000000000000000        0.0000000000000000        0.0000000000000000        0.0000000000000000        0.0000000000000000        0.0000000000000000        0.0000000000000000        0.0000000000000000        0.0000000000000000        0.0000000000000000        0.0000000000000000        0.0000000000000000        0.0000000000000000        0.0000000000000000        0.0000000000000000        0.0000000000000000        0.0000000000000000        0.0000000000000000       0.88196203788505434        0.0000000000000000        0.0000000000000000        0.0000000000000000        0.0000000000000000        0.0000000000000000        0.0000000000000000        0.0000000000000000        0.0000000000000000        0.0000000000000000        0.0000000000000000        0.0000000000000000        0.0000000000000000        0.0000000000000000        0.0000000000000000        0.0000000000000000        0.0000000000000000        0.0000000000000000        0.0000000000000000       0.88196203788505434        0.0000000000000000        0.0000000000000000        0.0000000000000000        0.0000000000000000        0.0000000000000000        0.0000000000000000        0.0000000000000000        0.0000000000000000        0.0000000000000000        0.0000000000000000        0.0000000000000000        0.0000000000000000        0.0000000000000000        0.0000000000000000        0.0000000000000000        0.0000000000000000        0.0000000000000000        0.0000000000000000       0.88196203788505434        0.0000000000000000        0.0000000000000000        0.0000000000000000        0.0000000000000000        0.0000000000000000        0.0000000000000000        0.0000000000000000        0.0000000000000000        0.0000000000000000        0.0000000000000000        0.0000000000000000        0.0000000000000000        0.0000000000000000        0.0000000000000000        0.0000000000000000        0.0000000000000000        0.0000000000000000        0.0000000000000000       0.88196203788505434     
           0
  0.15551222522470443     
